function [V] = Velocidade_som(S,T,P)
%S - Salinidade
%T - Temperatura
C00=1402.388;
C01=5.03711;
C02=-5.80852e-2;
C03=3.3420e-4;
C04=-1.47800e-6;
C05=3.1464e-9;
%P - Pressão
%Constantes C
C10=0.153563;
C11=6.8982e-4;
C12=-8.1788e-6;
C13=1.3621e-7;
C14=-6.1185e-10;
C20=3.1260e-5;
C21=-1.7107e-6;
C22=2.5974e-8;
C23=-2.5335e-10;
C24=1.0405e-12;
C30=-9.7729e-9;
C31=3.8504e-10;
C32=-2.3643e-12;

Cw=C00+C01*T+C02*T^2+C03*T^3+C04*T^4+C05*T^5+(C10+C11*T+C12*T^2+C13*T^3+C14*T^4)*P+(C20+C21*T+C22*T^2+C23*T^3+C24*T^4)*P^2+(C30+C31*T+C32*T^2)*P^3;

%Constantes A
A00=1.389;
A01=-1.262e-2;
A02=7.164e-5;
A03=2.006e-6;
A04=-3.21e-8;
A10=9.4742e-5;
A11=-1.2580e-5;
A12=-6.4885e-8;
A13=1.0507e-8;
A14=-2.0122e-10;
A20=-3.9064e-7;
A21=9.1041e-9;
A22=-1.6002e-10;
A23=7.988e-12;
A30=1.100e-10;
A31=6.649e-12;
A32=-3.389e-13;

A=A00+A01*T+A02*T^2+A03*T^3+A04*T^4+(A10+A11*T+A12*T^2+A13*T^3+A14*T^4)*P+(A20+A21*T+A22*T^2+A23*T^3)*P^2+(A30+A31*T+A32*T^2)*P^3;

%Constantes B
B00=-1.922e-2;
B01=-4.42e-5;
B10=7.3637e-5;
B11=1.7945e-7;

B=B00+B01*T+(B10+B11*T)*P;

%Constantes D
D00=1.727e-3;
D10=-7.9836e-6;

D=D00+D10*P;

%Fórmula final
V=Cw+A*S+B*S^(3/2)+D*S^2;
end

